311.55
1866.08
2206.86
2189.46
2168.9
2184.92
2266.59
1889.14
2264.42
2180.78
1947.29
1901.87
2337.03
2173.44
1233.17
2276.29
1008.97
2163.6
1979.2
2350.83
2055.25
394.89
2176.15
2183.8
2253.35
2204.29
2202.03
177.53
2249.12
309.37
2237.14
2209.03
157.98
2263.64
2189.16
1857.03
2188.39
2196.58
2324.71
183.78
2195.82
2207.24
2025.74
1885.94
555.09
2217.67
2330.08
559.24
2299.2
1541.57
2246.78
2264.31
2173.29
2229.1
2255.52
2173.27
2239.54
2202.72
1997.59
2209.2
2329.59
1974.98
2334.82
1929.08
2203.16
2266.38
2203.32
2334.89
1574.27
2206.56
86.14
2046.32
1901.58
2196.03
2188.0
1981.37
2195.55
1903.04
2220.45
2058.54
2200.88
2257.05
2298.39
2180.57
2317.46
366.36
2228.75
2007.65
2226.22
2186.92
2236.0
2180.87
1004.22
2233.7
2175.56
1929.86
202.28
2226.54
1943.03
2333.0
2173.48
2075.76
2234.54
2176.9
2307.94
2173.79
2208.03
2173.8
1981.94
922.99
2042.89
538.7
2175.87
2176.04
2190.29
2299.03
2221.29
947.68
2180.5
1261.13
550.69
2062.25
1934.05
1902.34
1930.32
1906.44
2171.57
2185.13
2177.35
2166.45
2353.34
2313.16
2231.29
2197.14
2334.09
2195.72
1957.04
2171.92
2139.99
2295.39
1882.1
1973.59
2231.91
2172.53
2195.37
1344.19
2193.46
112.49
2169.75
2250.08
2007.66
2198.37
1997.28
2348.8
1897.45
2021.9
2275.81
2195.31
2302.93
2194.77
2192.46
177.26
2190.61
2181.67
2138.87
2199.42
1943.76
2346.37
2268.78
2190.59
2192.5
1921.07
2193.63
2172.71
2177.17
2203.66
1598.3
2208.08
2173.79
2180.72
314.32
2211.94
2258.85
2042.34
2196.66
186.35
2169.91
1708.74
2228.76
2170.63
962.38
2286.83
2233.09
2259.58
2313.43
2170.03
2261.03
2248.85
2198.85
2232.52
2177.04
1949.12
2329.22
1620.9
2181.77
2205.67
1987.46
2173.21
1896.21
2172.94
2192.97
2090.64
2287.11
1627.5
2199.97
1586.18
1886.85
2203.63
2274.27
1952.82
1898.43
2226.36
2229.66
2046.11
1934.2
1868.76
2297.23
2188.29
1935.08
2186.77
2261.34
2213.34
1002.24
2196.9
1984.07
2321.69
2168.03
2197.62
1866.58
2205.45
2189.91
1904.83
997.08
2091.83
2195.63
1865.72
2019.83
1916.8
2119.26
2198.18
2329.41
165.08
2178.33
2259.99
2243.95
190.69
2342.71
2218.84
1938.51
2217.62
2193.61
2239.21
2305.21
2185.27
2338.4
2239.52
1586.18
2313.16
2298.39
2264.42
2297.23
1952.82
1935.08
1004.22
2189.91
2190.59
2193.63
2231.29
2190.61
2173.79
2173.21
1973.59
202.28
2188.39
2233.09
2321.69
2046.32
2176.9
2189.46
1541.57
2138.87
2172.71
2329.41
2234.54
165.08
2268.78
2202.03
2208.08
2188.29
309.37
2058.54
2202.72
997.08
2329.22
2209.2
1929.86
1921.07
2203.32
947.68
2313.43
2055.25
2046.11
2226.36
2231.91
2226.54
2172.53
2206.56
2324.71
2180.5
2228.75
2176.04
2259.58
2330.08
2263.64
2259.99
2189.16
2019.83
2350.83
366.36
2208.03
2217.67
229.56
221.7
300.37
226.97
229.88
305.92
211.69
228.41
304.76
255.07
210.23
307.84
226.19
310.32
305.11
210.08
406.39
309.08
282.18
226.8
209.22
317.94
1926.26
205.66
1920.87
1897.14
215.75
324.96
213.46
205.08
206.59
303.25
323.31
326.92
219.58
220.16
1879.11
206.14
218.05
209.83
205.97
1602.64
210.75
214.59
215.09
283.06
255.42
202.8
208.09
201.57
1904.14
207.27
204.96
212.7
1924.88
212.4
212.82
257.42
408.23
1890.05
227.59
209.73
1885.3
218.22
226.19
214.68
1878.08
258.05
214.12
220.43
228.25
209.44
228.31
1635.39
216.55
217.61
217.09
1901.28
1920.32
1919.34
212.78
1922.25
1877.35
1901.14
1881.08
1924.97
220.07
1892.29
223.12
226.17
210.94
208.35
1879.29
217.47
215.21
211.73
255.58
207.99
1925.38
216.51
1920.8
1879.89
1895.77
223.48
1924.03
213.21
1893.58
207.91
209.86
1923.15
1922.8
220.33
213.75
1784.98
1914.86
256.49
308.31
211.62
255.12
945.91
228.8
311.94
737.38
226.88
227.19
226.47
255.93
208.15
258.37
226.97
220.46
216.9
227.01
266.51
268.07
212.44
216.34
266.48
213.78
264.65
210.04
269.19
255.82
213.56
875.72
212.89
217.02
216.87
1879.02
209.68
259.63
259.93
268.57
1898.02
215.82
213.42
261.68
265.74
220.36
211.87
213.79
215.37
211.55
261.32
212.81
305.45
329.23
320.03
1880.95
622.44
224.8
210.55
228.15
255.98
267.35
207.44
1887.75
218.16
206.52
1704.52
411.44
437.43
309.53
315.57
317.26
256.06
1864.12
213.92
255.05
270.41
260.58
206.72
223.14
214.61
260.32
261.21
221.54
255.74
221.64
215.94
226.68
229.22
259.67
261.11
256.94
255.06
262.34
269.53
269.77
258.11
270.56
264.32
271.87
255.3
270.01
259.25
225.37
214.22
212.92
259.15
276.75
208.61
212.15
255.68
258.39
926.72
875.72
216.86
271.5
209.35
261.13
276.59
224.25
256.0
219.04
212.73
269.55
215.74
228.96
220.82
223.53
225.94
255.94
898.67
894.94
259.74
213.97
257.0
261.02
274.52
271.53
260.81
218.42
216.08
214.48
1599.68
268.32
222.22
879.23
216.16
207.95
291.48
210.96
214.32
216.1
208.29
261.83
221.75
227.58
259.89
215.83
224.72
264.77
216.46
270.9
261.15
257.33
255.33
216.77
208.73
214.02
215.01
206.79
222.61
223.78
208.82
264.82
221.28
264.88
212.43
212.14
271.78
207.24
268.85
206.04
218.2
215.72
216.58
264.78
213.92
227.31
225.37
889.78
228.81
272.45
224.3
261.45
260.75
207.67
257.65
265.17
213.48
270.47
219.18
268.27
216.43
206.32
205.88
1600.22
217.91
263.56
271.63
219.77
271.43
260.71
216.82
213.27
208.9
264.54
264.36
257.83
206.59
225.76
260.58
209.0
268.4
269.68
403.64
261.31
262.12
257.27
213.07
296.59
227.81
229.87
269.57
228.81
218.09
255.7
212.21
213.86
259.58
222.83
272.97
262.05
936.13
1889.29
227.42
218.83
266.56
227.27
451.15
210.64
273.88
214.76
223.8
868.28
208.03
221.78
259.86
899.95
1637.11
891.9
912.47
256.64
221.36
255.91
212.73
208.04
260.41
415.41
314.94
885.78
215.62
274.0
219.9
1599.02
226.12
203.01
258.06
260.88
260.64
256.85
881.98
206.56
207.89
257.71
877.32
259.26
268.1
227.99
208.24
219.43
226.71
255.51
222.98
265.78
259.01
207.3
270.9
257.67
259.66
275.75
224.39
224.1
228.15
206.13
271.45
268.54
222.69
224.58
261.77
883.82
259.14
264.93
255.74
304.31
271.93
318.24
325.06
1903.58
2016.81
327.07
215.66
319.25
256.68
1925.08
314.85
257.48
464.89
208.1
305.75
404.59
302.95
406.4
407.24
426.11
1888.81
306.26
291.25
1896.99
296.94
271.64
262.2
435.32
1982.66
310.81
427.84
258.33
325.62
256.5
410.19
286.47
328.27
2012.2
305.51
257.37
259.89
1922.72
1914.15
428.23
264.01
448.95
226.87
432.09
2011.24
408.75
260.08
429.49
415.57
412.21
322.76
423.91
413.95
323.77
308.9
1891.08
224.05
1895.17
410.63
278.93
418.11
649.45
641.25
210.58
303.17
221.93
206.62
827.74
210.22
1902.93
284.2
782.28
272.27
258.27
203.2
830.48
211.09
265.07
203.32
207.58
258.97
1696.57
266.83
206.77
206.46
268.65
205.97
208.64
225.51
210.59
203.28
204.13
273.83
412.37
300.6
316.78
211.03
203.51
209.71
205.53
209.35
275.22
211.56
267.42
858.6
203.94
788.65
212.67
202.52
271.11
221.05
202.65
206.6
201.56
667.89
266.38
789.07
303.99
304.82
271.73
213.79
792.46
1738.94
210.93
275.01
266.15
208.83
802.72
220.86
2008.4
1641.28
209.87
258.99
271.67
259.85
202.49
210.83
256.37
792.21
792.96
306.65
266.57
222.61
210.3
806.32
210.1
208.02
210.29
203.4
270.68
287.81
210.81
218.24
303.14
201.55
267.0
203.1
208.98
209.76
209.88
263.83
810.6
210.12
210.93
202.93
773.85
266.32
209.7
785.63
204.05
204.76
210.84
204.38
819.97
791.7
272.58
305.58
210.25
1895.62
270.43
202.44
788.86
784.32
203.44
301.31
206.44
208.48
266.17
1891.94
211.01
202.67
305.12
776.9
287.75
210.88
203.63
266.62
412.84
203.83
204.5
317.01
210.04
303.52
267.3
210.1
279.8
207.77
202.87
211.95
261.03
209.49
212.21
203.51
211.07
269.92
267.01
266.16
209.57
851.95
287.93
221.05
207.27
212.7
203.04
270.48
211.23
294.63
215.52
204.1
277.0
257.89
305.13
219.44
213.73
203.32
204.3
1882.16
209.76
211.04
204.33
203.12
782.1
258.85
293.23
265.12
216.47
273.94
226.45
784.38
210.07
786.3
203.66
259.59
204.18
224.81
203.5
201.21
785.33
671.78
665.57
659.98
660.71
664.7
680.69
654.3
658.0
652.79
671.65
658.67
666.01
655.21
671.36
654.08
658.19
663.96
668.25
662.97
666.25
652.15
656.29
656.43
653.64
664.84
668.76
654.36
659.23
670.05
657.59
654.66
660.42
654.05
662.73
658.21
659.61
663.11
662.71
664.22
680.67
725.0
661.0
657.19
659.49
661.03
664.71
668.92
664.86
660.29
666.04
665.9
658.12
662.9
663.69
659.46
666.84
660.41
675.12
671.4
659.84
679.0
660.44
664.1
664.84
664.34
662.56
662.34
201.55
326.67
211.94
267.89
255.08
271.3
204.84
255.68
260.2
264.45
264.0
262.41
255.71
261.82
268.19
265.64
261.38
255.05
264.3
256.93
257.19
227.18
689.94
260.32
257.49
268.06
256.75
266.07
258.02
265.86
265.95
256.71
259.03
758.78
263.76
257.34
263.39
256.95
258.65
259.28
255.41
256.85
265.87
267.78
262.44
260.63
220.72
264.13
228.55
259.35
256.12
257.74
257.17
260.21
760.32
228.94
228.18
226.37
258.02
266.8
263.05
260.8
226.21
265.89
265.79
271.69
1896.78
256.77
257.58
267.18
270.63
228.86
264.31
263.35
229.93
264.85
258.36
258.08
255.53
257.54
259.1
257.02
203.76
227.45
265.47
756.46
267.12
260.01
742.6
265.28
263.42
267.77
263.23
456.03
255.78
256.57
263.56
260.38
261.72
264.14
227.49
263.11
266.59
262.81
259.44
276.89
255.84
256.98
227.1
267.13
264.21
259.2
256.66
260.08
259.02
257.1
269.76
295.63
420.29
266.81
257.24
257.23
265.89
258.19
265.25
256.29
257.61
262.5
257.01
261.85
261.0
261.5
257.25
263.81
217.95
216.84
264.54
262.39
263.51
260.36
258.94
215.99
215.71
218.28
262.65
261.91
262.08
262.28
261.9
266.82
217.09
216.84
219.44
212.62
214.31
260.38
265.83
216.57
261.65
214.92
268.13
261.3
262.69
215.09
261.73
217.16
214.28
261.7
260.26
263.77
260.88
262.86
217.06
261.55
260.77
214.74
262.28
262.57
260.28
262.32
217.14
214.44
217.97
218.05
262.73
215.15
266.68
219.51
259.87
264.26
216.92
261.21
260.77
261.85
268.44
266.36
268.33
262.95
263.35
214.05
263.3
261.94
261.13
267.56
218.93
261.18
263.31
262.26
282.92
280.18
275.36
282.69
280.56
281.57
275.8
290.35
277.79
287.15
278.09
289.19
282.17
289.0
278.63
277.61
278.1
282.73
288.06
276.25
277.34
288.05
278.42
285.5
281.64
279.89
279.65
278.1
277.87
282.38
284.69
288.11
273.06
291.62
283.86
280.43
278.92
279.07
278.98
284.19
278.3
316.44
285.67
289.63
286.95
285.26
275.39
281.12
281.2
277.47
291.98
285.94
278.23
286.88
222.02
443.43
216.74
229.03
219.09
283.75
282.25
280.15
281.42
259.23
402.52
329.45
278.88
281.48
281.02
278.47
276.58
270.33
278.21
212.03
283.03
276.39
282.38
273.53
1897.13
279.81
207.73
283.12
1928.85
277.62
269.21
220.44
279.62
1943.01
208.23
279.76
305.2
266.7
1936.48
276.22
219.68
279.14
278.85
282.5
275.81
278.82
276.52
277.18
211.28
282.25
260.32
277.72
279.67
275.94
277.03
270.51
222.0
278.95
275.49
277.08
279.43
1887.52
277.76
277.27
204.86
258.89
276.51
1919.12
303.1
281.0
273.73
267.43
303.15
266.52
277.93
277.81
211.54
303.12
277.6
279.78
279.94
267.08
278.7
275.47
303.38
266.12
283.75
277.76
278.53
280.83
281.05
281.52
282.58
279.92
277.12
267.19
1918.19
278.69
280.33
276.42
1905.26
276.43
281.6
280.67
279.24
291.94
280.69
302.1
267.07
229.54
281.38
279.0
279.29
276.07
279.6
283.15
269.27
278.5
215.25
282.78
280.17
276.07
280.57
211.78
278.36
277.88
217.26
326.84
277.94
280.65
282.46
279.23
279.99
276.25
278.53
279.34
279.36
277.87
285.28
279.87
280.45
281.52
310.33
415.49
283.24
275.25
262.58
281.81
276.57
283.93
277.99
279.64
279.86
228.5
256.55
222.43
277.43
279.7
211.42
279.94
282.14
276.02
279.83
279.48
279.52
321.54
281.32
277.43
293.93
281.93
278.27
284.28
283.13
279.55
283.49
284.78
301.96
269.8
280.18
272.5
276.83
269.53
218.13
269.53
626.98
629.43
490.13
635.12
498.16
625.8
637.64
644.53
925.69
849.37
629.79
637.47
217.92
813.9
637.66
847.18
635.15
446.93
851.85
491.75
643.35
629.2
638.83
628.62
843.1
631.44
630.29
645.04
632.7
631.76
633.74
625.08
644.66
491.97
228.81
634.19
763.18
637.31
844.29
833.4
662.59
657.35
497.17
633.94
644.96
303.86
638.5
213.89
628.3
640.48
644.39
642.54
636.56
492.08
635.38
745.76
628.48
629.71
632.19
633.16
836.65
632.12
628.8
634.94
635.21
634.12
634.86
641.71
639.77
481.35
643.89
633.22
623.58
637.31
209.09
633.45
639.59
628.88
630.54
754.32
640.74
627.11
656.78
1552.8
639.51
633.52
214.04
629.7
628.64
627.77
641.91
435.16
633.71
627.74
644.6
627.08
629.36
451.39
642.24
440.87
670.29
729.5
636.26
849.11
1842.63
632.54
483.23
632.04
627.21
632.0
630.65
401.93
456.95
720.21
692.69
833.75
631.62
629.36
637.62
638.31
1913.96
638.25
294.9
628.34
640.93
631.6
624.49
631.94
809.74
210.48
940.97
623.86
632.27
833.96
825.2
639.25
628.6
631.94
498.29
442.36
497.51
633.14
676.41
449.41
627.0
639.99
635.43
627.14
640.55
632.84
629.81
637.75
463.11
638.99
631.22
457.76
439.64
631.78
445.45
846.44
650.89
841.65
874.02
634.68
657.92
627.85
625.88
637.91
845.26
843.39
634.4
705.39
804.92
652.89
630.76
734.94
628.74
743.25
493.39
846.9
632.09
449.69
442.6
628.92
630.84
825.67
626.97
629.12
637.52
631.3
634.26
755.66
636.85
647.8
492.43
635.59
636.5
831.46
865.32
659.88
296.0
636.82
749.6
647.99
492.56
668.98
637.42
641.2
451.75
867.63
297.81
316.14
439.11
634.62
637.76
635.17
857.53
629.16
873.06
497.89
625.31
497.11
632.7
932.72
683.6
630.65
633.54
632.44
757.82
445.83
892.66
632.4
636.24
844.3
627.83
319.63
627.79
666.8
749.31
751.57
749.34
639.82
629.65
635.84
636.49
643.04
635.65
635.9
210.99
640.88
635.83
632.49
680.58
629.51
637.07
642.67
631.81
1905.43
627.52
633.86
625.96
627.71
641.85
675.66
631.74
634.93
636.01
626.65
629.85
641.35
624.41
438.75
680.26
203.91
627.89
1894.11
458.12
625.76
645.5
635.69
833.78
637.4
819.11
640.38
633.06
626.23
643.01
639.46
630.4
648.02
634.47
632.74
628.6
492.51
631.55
629.9
639.69
703.3
642.46
624.17
655.94
209.24
629.22
640.39
458.27
848.21
629.5
837.46
444.84
650.32
637.6
846.55
668.65
462.53
626.78
631.86
635.9
651.44
640.46
641.7
459.37
629.84
626.94
216.42
496.53
637.21
627.5
633.66
624.42
627.75
752.32
659.05
633.01
840.86
443.81
295.64
627.95
630.29
628.74
842.69
638.39
639.19
697.31
414.75
834.82
761.76
638.21
629.46
623.44
648.98
654.96
643.47
640.84
630.23
635.21
677.42
627.95
640.14
652.98
633.34
624.7
633.51
626.17
1580.05
628.9
706.44
629.39
828.58
467.79
445.49
481.99
664.45
635.22
656.88
632.39
627.54
635.09
637.29
639.24
638.73
1665.38
1706.3
627.14
625.46
635.94
627.94
632.88
495.64
624.44
629.58
628.74
635.11
634.49
739.4
404.04
627.58
496.55
754.62
846.35
629.97
625.67
447.53
631.45
633.29
630.28
634.89
633.35
638.93
626.61
626.34
706.18
764.73
629.83
627.42
836.55
635.05
630.96
627.96
440.84
217.02
634.99
645.6
641.19
635.15
639.96
630.88
643.45
646.24
637.35
853.51
631.75
629.84
637.5
464.96
634.17
455.31
447.43
632.66
648.26
642.6
629.44
636.76
652.24
491.53
631.7
755.07
495.44
630.12
637.2
221.76
439.53
767.79
840.1
631.65
684.92
642.92
636.04
790.8
640.18
918.44
825.76
629.27
1897.45
440.37
626.52
672.2
626.84
630.67
655.89
888.2
634.61
255.73
626.35
636.62
709.67
296.78
697.96
861.31
222.28
627.42
630.28
632.31
632.88
648.24
632.24
629.95
643.19
627.09
446.67
865.95
625.89
628.09
640.81
629.19
460.93
751.89
632.5
630.11
263.06
637.79
632.25
634.4
642.8
681.38
636.56
650.47
684.52
927.72
630.75
635.59
297.81
658.45
634.05
640.67
628.74
637.25
645.65
628.9
632.35
827.92
637.66
630.4
627.2
828.16
629.46
627.88
640.99
869.25
693.41
638.04
498.11
639.38
632.59
645.06
626.59
440.29
819.34
403.48
401.77
644.53
632.79
630.25
493.53
637.32
637.73
630.84
637.24
632.08
450.25
633.31
642.89
638.27
701.75
623.34
640.76
447.13
645.67
633.12
434.15
462.01
495.96
493.0
440.16
497.72
637.66
636.91
623.15
666.59
640.38
628.85
648.7
632.44
810.0
636.94
629.14
635.24
630.64
808.58
630.12
631.3
629.78
640.79
494.01
205.92
811.0
494.23
656.94
625.49
438.4
446.8
628.26
653.85
637.6
635.51
451.71
641.0
672.4
633.49
639.67
298.01
442.71
629.0
634.34
626.53
815.99
639.81
448.33
626.54
485.83
626.65
636.76
641.85
456.67
624.02
488.48
625.92
626.28
650.83
628.09
799.08
647.66
753.43
262.56
440.05
660.12
639.84
637.88
637.05
637.39
827.29
634.76
624.06
630.62
211.87
637.03
497.88
625.76
627.67
752.8
624.67
494.84
630.58
217.2
635.76
626.15
639.93
294.97
733.44
626.64
300.82
636.09
457.12
635.71
625.45
629.69
627.94
643.35
644.66
642.54
626.3
631.16
853.83
631.64
640.38
628.34
633.24
624.42
682.62
643.76
636.2
623.51
706.94
443.31
628.41
309.68
629.02
626.43
452.11
820.32
632.41
631.74
497.6
638.25
630.62
852.78
624.04
757.42
629.21
636.18
635.29
687.89
637.6
638.77
640.8
878.54
818.33
630.85
640.0
624.25
632.16
637.51
790.98
629.39
440.07
634.38
439.03
648.7
296.97
731.9
457.12
444.79
627.61
833.21
631.16
258.4
629.91
494.17
629.29
640.51
635.05
631.99
699.24
649.14
644.88
637.14
758.0
637.49
637.11
635.95
632.96
437.93
639.91
440.57
625.92
643.41
844.98
216.94
629.85
627.72
634.82
308.36
637.11
628.99
632.18
764.89
442.53
867.72
622.85
750.6
639.95
850.19
474.71
641.68
636.2
635.97
625.26
625.52
641.52
806.92
640.41
634.34
627.94
641.23
655.54
635.11
633.64
637.4
626.24
630.92
641.62
296.38
635.83
630.8
626.64
638.32
636.51
636.99
848.79
292.19
628.46
496.08
769.38
636.54
691.31
626.96
632.89
632.99
628.91
667.31
632.62
638.33
453.52
432.24
631.07
2071.04
819.06
462.23
860.58
631.25
638.41
637.06
433.41
635.71
626.34
673.89
624.4
630.04
632.61
635.97
460.16
629.54
629.61
629.2
630.57
639.91
712.51
632.67
640.69
627.12
452.23
442.92
631.1
224.59
864.58
497.89
637.64
633.95
746.35
625.45
649.99
659.2
454.37
257.61
837.84
629.3
493.43
663.64
638.46
634.92
641.99
636.46
632.4
301.14
627.38
631.69
637.62
627.75
308.01
651.6
622.09
832.81
625.47
643.75
624.41
630.56
623.85
634.95
327.9
626.19
498.52
440.56
648.2
639.51
794.72
643.99
653.26
638.73
632.38
627.4
763.26
749.82
639.14
644.6
439.08
439.11
466.44
768.74
448.64
702.72
641.29
217.31
642.56
632.79
639.61
634.62
631.56
627.35
628.75
635.5
496.0
832.71
723.0
633.64
655.36
628.06
495.84
635.92
448.09
626.91
638.01
646.67
829.27
865.3
490.28
638.53
628.47
327.81
628.3
634.6
624.26
642.21
635.56
639.98
626.01
628.29
2090.04
749.03
632.38
448.09
446.69
638.54
473.19
403.6
496.0
941.72
490.13
628.83
433.61
733.55
630.5
631.51
639.09
636.51
638.31
628.79
640.46
448.53
630.54
631.45
433.09
641.75
295.38
640.5
639.85
766.94
626.19
435.47
634.92
861.33
636.02
639.25
627.19
743.8
641.6
703.54
435.16
444.87
633.38
634.22
638.94
641.79
634.95
649.35
494.04
644.45
636.8
640.05
443.6
447.79
490.07
633.38
638.1
636.67
448.48
635.1
630.19
442.19
211.9
634.51
643.74
645.11
695.2
631.84
258.95
293.92
626.26
638.39
496.91
632.68
626.21
497.29
636.75
633.75
495.29
622.5
653.06
638.79
640.56
633.75
625.21
632.99
635.91
488.73
638.18
497.68
632.85
841.21
641.35
443.56
887.85
889.96
637.45
644.55
321.4
488.77
631.5
444.4
636.01
829.05
643.92
493.72
207.66
631.83
629.45
491.73
833.95
632.75
629.88
634.91
763.59
631.41
634.4
628.12
642.26
627.83
627.75
643.83
624.27
708.8
635.79
636.89
871.64
642.68
630.66
623.44
631.88
444.47
638.9
641.85
628.01
639.62
445.4
881.56
635.52
673.67
624.34
629.9
633.9
627.17
401.89
229.11
661.4
852.58
436.84
633.05
226.49
630.84
660.24
639.7
624.91
633.61
633.36
654.69
852.97
636.67
635.0
642.54
939.22
640.38
633.04
634.69
634.28
298.63
736.94
638.94
213.13
637.35
639.81
643.7
444.0
644.11
647.28
626.11
640.29
632.62
487.61
628.6
213.31
634.15
642.73
842.64
631.44
641.8
645.59
630.74
663.33
775.94
637.76
624.51
452.01
497.27
439.17
629.21
862.7
654.84
497.8
628.69
626.78
637.39
627.97
636.94
749.15
637.06
644.27
642.35
795.6
630.79
651.31
632.03
860.08
641.84
635.01
636.11
650.12
632.54
647.56
440.44
642.3
633.79
487.73
632.39
632.64
648.11
634.95
440.41
216.49
446.33
627.64
675.48
635.34
492.81
631.56
637.06
629.12
867.96
492.05
637.12
644.85
461.85
717.17
859.5
628.14
1929.67
807.94
645.22
645.49
206.94
626.41
644.35
795.51
800.37
630.06
623.3
303.31
630.51
461.09
637.22
493.89
632.46
638.2
491.65
629.33
642.35
467.37
630.28
635.74
448.67
497.44
625.92
654.12
434.93
489.57
626.65
634.21
854.32
633.69
497.55
640.19
468.25
734.61
494.31
630.5
627.85
643.39
790.05
307.85
1985.36
626.86
630.51
440.59
637.79
633.28
638.75
637.0
797.57
627.1
626.91
643.53
311.44
630.11
631.04
704.26
637.52
844.85
494.4
629.52
631.71
746.03
628.75
637.2
496.85
638.05
633.68
626.38
635.27
626.69
207.68
639.79
637.71
675.31
635.89
441.85
643.59
819.98
658.84
852.56
641.75
632.49
805.99
626.5
441.52
639.31
632.12
666.64
495.91
626.59
648.91
222.33
628.55
885.2
628.06
638.5
624.85
628.3
655.29
709.44
635.33
635.81
635.04
637.33
622.24
807.7
445.44
638.94
637.0
493.12
639.77
628.05
626.28
626.3
632.83
638.05
295.62
217.4
638.52
644.94
642.93
642.0
639.16
491.35
446.49
642.02
640.12
839.61
633.76
917.2
688.7
720.81
628.41
445.45
830.13
633.42
452.6
637.01
1997.88
639.82
636.26
625.67
633.91
641.69
634.36
631.57
652.44
629.45
722.15
632.26
625.85
631.4
622.28
747.21
494.07
641.01
493.92
638.64
643.4
746.49
662.21
637.67
633.75
847.63
789.05
497.04
295.9
836.49
637.94
628.14
656.0
307.06
635.79
629.14
631.84
635.94
633.36
632.21
446.08
821.82
630.34
643.25
630.11
630.69
445.49
274.45
634.91
642.8
858.77
635.44
627.88
830.18
641.08
629.19
629.93
823.24
633.74
447.41
629.95
660.71
639.28
439.47
625.9
627.07
631.23
634.48
636.48
497.28
629.18
651.22
2122.7
636.5
755.31
631.09
468.77
637.08
644.27
635.0
638.35
636.16
639.42
633.62
650.59
455.73
630.34
489.19
641.84
640.3
493.99
627.74
631.19
639.86
627.94
630.86
634.86
719.71
475.27
443.67
671.04
625.39
627.47
477.47
626.25
1878.86
640.28
639.15
628.8
667.16
637.31
631.94
631.61
632.09
208.35
1917.76
636.73
643.62
441.43
643.23
644.2
632.81
638.62
627.46
636.5
493.97
819.86
494.0
636.76
634.48
635.89
628.69
632.36
638.38
498.43
634.54
875.81
642.15
631.4
631.35
869.36
639.61
633.06
446.6
799.51
638.41
757.3
627.31
638.74
638.22
434.67
758.93
632.26
633.42
300.08
753.55
808.63
877.43
627.41
212.65
292.88
624.77
630.53
639.05
629.21
651.91
642.21
460.72
631.59
639.2
631.07
642.9
633.11
496.33
653.41
444.87
404.65
764.08
849.04
855.36
634.24
627.44
469.51
449.17
638.72
653.01
637.04
297.54
496.6
627.65
635.39
686.68
638.89
633.03
640.89
636.04
634.36
626.3
634.9
864.8
633.34
639.45
655.9
273.12
637.42
443.68
261.6
632.1
1676.01
637.14
687.29
822.22
629.3
630.61
644.86
874.1
626.41
630.5
693.77
623.79
634.35
759.45
651.72
219.97
843.47
632.92
626.26
296.47
650.56
629.92
626.36
644.12
629.4
638.15
494.51
208.65
634.3
631.43
631.65
627.96
717.01
639.21
631.43
437.69
626.65
646.45
647.34
451.07
460.41
628.15
635.21
204.44
625.3
492.72
645.21
644.49
635.74
631.38
636.89
629.04
759.68
639.2
634.15
808.85
641.73
629.74
703.1
216.76
686.82
638.75
809.42
822.47
751.61
642.14
630.11
645.12
653.4
832.13
845.72
640.5
627.74
657.26
628.56
639.66
635.14
698.34
629.46
717.09
493.92
650.77
634.17
632.01
622.38
473.63
634.04
630.6
493.2
637.43
639.65
632.04
624.97
488.27
444.44
704.75
635.24
453.32
630.0
624.16
623.89
797.08
633.75
302.56
627.09
313.56
666.33
629.61
629.81
677.7
635.55
629.84
641.77
627.79
935.46
636.96
642.25
636.19
630.81
469.39
624.65
637.65
750.35
495.43
632.41
635.69
441.72
641.44
639.3
634.66
437.76
629.74
632.99
639.9
703.89
648.24
713.09
638.53
634.55
640.11
812.22
639.12
643.46
435.41
663.98
633.51
437.67
495.67
815.4
665.86
633.45
639.36
634.14
635.6
637.88
627.69
647.84
642.95
692.61
627.56
631.86
627.34
634.16
627.58
495.67
853.04
632.22
663.75
640.88
639.72
642.01
829.83
626.14
641.84
446.96
753.66
636.34
652.2
850.71
628.39
624.77
630.86
662.16
634.4
631.51
631.11
631.58
633.42
628.96
295.85
686.86
445.04
628.15
641.39
455.47
813.58
626.81
624.86
315.95
834.92
1649.84
624.29
807.33
494.99
643.44
638.09
839.8
635.73
635.45
219.18
456.57
627.4
629.14
466.08
634.43
788.8
626.47
1597.62
624.25
268.71
628.32
629.09
207.81
792.68
642.25
635.38
627.68
651.68
640.53
627.45
812.68
280.0
696.89
642.27
634.04
634.4
624.39
640.74
639.28
840.76
643.19
640.0
748.14
636.39
627.02
639.25
633.95
627.64
627.5
792.6
634.31
672.45
637.11
638.91
493.32
446.4
447.65
637.17
626.21
430.08
458.43
628.09
634.5
691.71
637.01
625.51
629.09
632.04
495.56
624.74
685.26
664.53
639.94
639.38
626.56
487.01
631.02
636.65
641.72
631.41
623.8
636.71
216.59
641.3
641.35
638.52
636.71
644.42
687.85
433.8
628.05
643.55
626.14
627.59
491.61
640.0
766.46
741.7
629.15
634.19
629.33
636.43
633.04
638.95
442.16
435.56
633.64
633.25
1910.17
629.4
630.96
838.12
455.23
645.31
746.31
627.56
630.11
635.32
653.8
745.19
633.1
496.72
640.5
638.41
220.94
642.16
630.6
633.34
643.82
640.61
636.12
629.68
630.39
631.55
830.08
819.09
637.25
642.94
836.42
635.79
438.47
639.88
635.11
296.64
633.41
623.01
639.14
636.21
630.44
627.46
637.41
639.21
632.0
861.32
1861.34
456.55
650.35
832.97
229.59
258.73
259.6
260.13
223.72
1873.18
258.0
258.72
257.88
259.19
256.67
258.27
259.63
262.65
260.65
260.05
260.31
258.91
259.65
261.46
255.08
892.5
257.15
258.4
226.6
257.67
262.19
256.56
260.25
255.76
257.55
792.16
257.93
255.88
259.65
256.59
258.63
259.25
259.59
259.27
264.61
255.72
259.88
255.34
258.32
258.25
258.55
259.55
258.01
259.98
485.23
258.62
256.89
257.38
257.77
228.41
259.38
264.63
260.33
258.65
257.83
257.32
256.87
685.68
259.05
227.36
266.38
261.53
259.69
259.68
257.43
266.37
260.13
228.95
226.33
257.03
256.56
259.14
260.88
256.02
262.02
258.78
257.83
256.36
260.35
229.79
258.08
257.26
256.68
699.05
258.58
260.35
258.86
258.47
259.8
257.56
261.67
262.73
261.85
262.19
268.11
260.1
258.33
229.52
258.91
256.99
259.06
225.24
257.31
258.81
259.13
261.04
449.71
262.12
258.64
257.56
228.36
258.82
258.8
260.55
259.74
259.4
257.39
223.19
260.27
229.5
256.12
475.59
258.52
259.5
229.38
258.81
260.61
256.44
259.11
223.22
934.61
1678.02
259.85
257.15
258.53
256.5
796.15
259.59
255.81
257.14
258.52
258.7
258.62
261.11
227.18
260.79
257.57
259.6
264.67
257.77
257.12
258.0
260.04
259.26
257.9
257.85
258.98
258.74
257.92
259.72
256.74
257.9
259.78
255.54
926.63
257.82
407.95
400.59
405.0
407.43
402.39
1935.2
404.72
445.84
404.92
437.8
961.5
426.23
306.29
1949.16
1930.75
1878.33
453.03
406.63
409.12
965.36
406.89
998.18
413.84
999.08
400.27
402.44
405.92
963.79
401.48
1053.42
417.52
404.05
483.03
1915.65
964.03
401.23
2022.6
402.88
406.65
259.04
426.24
401.47
408.15
400.19
982.01
1952.8
453.84
426.21
970.18
418.27
436.81
1951.99
417.23
307.98
452.13
403.36
427.33
457.15
457.28
416.8
970.7
226.8
1984.93
417.44
1055.03
1971.76
1066.36
978.15
964.72
413.0
964.69
415.28
998.58
420.67
1895.8
403.31
434.93
1925.25
458.24
1888.44
969.98
448.31
431.09
419.71
442.44
950.78
401.67
459.6
402.39
415.83
989.1
997.92
968.54
405.44
404.75
1054.55
425.87
457.45
963.36
406.15
456.13
1938.9
1964.08
964.14
1929.66
406.68
406.39
477.49
965.96
454.93
1883.53
296.89
403.36
1934.76
326.14
404.95
415.19
402.63
1052.52
328.64
1917.19
1961.68
1005.7
412.09
403.31
401.64
476.17
1926.01
970.01
435.73
406.08
425.85
325.22
226.45
427.79
465.75
418.21
425.28
416.2
966.4
973.6
968.16
442.05
1000.16
426.03
1921.97
995.56
995.78
402.84
965.24
993.36
497.44
452.32
967.18
404.01
417.16
463.21
1931.77
416.19
1000.37
635.68
401.47
404.67
404.87
1894.58
1053.18
398.48
408.37
425.81
402.2
1963.8
404.81
454.09
1057.12
406.79
406.31
438.69
431.77
306.31
1896.63
401.11
418.21
402.96
402.95
425.19
963.22
406.2
444.73
1892.19
475.67
323.92
968.46
402.48
401.33
1895.82
969.23
426.92
438.87
401.05
1891.8
689.19
951.13
402.05
964.07
201.79
1927.02
438.01
429.84
428.03
965.83
968.24
425.56
1884.09
475.93
961.51
970.2
404.85
404.69
404.99
970.25
1048.46
964.58
405.96
398.67
968.98
963.82
406.6
455.51
452.84
967.06
425.57
999.9
403.48
400.83
1001.0
407.57
457.71
1004.64
424.48
1912.06
1927.29
1058.41
430.43
403.2
405.55
1057.49
409.65
324.67
1910.54
329.62
961.26
971.75
407.04
995.17
404.19
451.11
433.48
425.11
403.36
431.52
1049.72
971.16
1892.59
425.72
454.28
405.51
1905.99
423.19
403.56
401.39
1982.83
1926.86
1893.68
407.53
434.65
400.87
1883.96
425.99
969.27
446.93
441.27
969.76
415.87
423.27
413.85
950.31
967.4
1049.6
404.48
325.64
1891.08
465.29
1955.06
450.67
437.79
456.56
269.96
404.43
1921.99
424.25
401.05
1957.5
403.33
403.03
1987.29
226.23
402.49
402.89
405.59
1053.61
1896.36
1982.04
452.19
1898.95
970.88
967.85
458.99
406.49
960.62
428.47
967.71
406.65
407.04
408.25
734.75
427.6
402.16
424.87
440.37
964.02
404.79
452.81
1912.54
405.12
997.34
402.11
1966.86
403.01
1916.24
404.63
402.28
429.05
965.66
999.88
402.11
1051.97
324.56
1893.49
965.64
453.15
404.16
963.06
416.01
1054.77
426.8
1885.77
403.77
965.86
467.6
964.33
399.49
407.88
428.39
458.57
967.74
1927.22
1929.54
478.04
1949.16
1931.96
2015.82
407.24
400.99
438.91
1960.76
301.9
465.53
404.87
457.43
1905.61
1933.63
968.92
965.63
414.73
997.66
401.05
402.2
458.99
1935.49
965.15
415.91
429.24
403.83
405.15
969.06
997.98
402.51
404.07
452.6
417.72
1051.21
1905.9
997.46
256.36
998.26
455.33
399.92
448.63
327.03
421.52
993.42
400.85
1960.56
227.82
1016.58
475.71
322.92
405.55
417.24
406.19
427.15
968.72
418.13
398.44
324.19
1907.56
1904.74
1002.68
433.59
404.91
966.84
965.91
427.8
416.11
1883.6
1050.44
299.01
404.95
1877.86
404.03
400.12
418.79
415.83
455.48
405.01
2004.9
1970.48
402.69
1923.28
328.12
970.96
457.85
1935.88
298.02
404.24
974.04
1052.38
404.84
482.44
991.05
1921.47
326.7
427.87
405.91
966.29
1035.0
970.32
629.08
457.56
966.13
399.73
398.01
404.03
1884.1
632.25
228.13
971.32
984.8
404.47
429.2
404.13
419.65
970.48
1054.62
403.88
1883.76
430.77
400.63
401.53
405.73
1066.02
427.09
459.15
1898.96
406.16
453.27
458.43
1066.77
1926.45
404.17
424.96
403.35
430.73
1001.65
481.93
458.41
494.64
403.73
404.88
1002.42
1886.67
969.9
1064.95
967.7
402.29
1928.76
409.09
310.71
409.11
1914.48
408.01
453.76
402.11
659.74
1930.1
969.28
1968.24
963.83
409.19
478.64
404.75
459.15
255.07
423.69
1904.47
441.23
451.79
407.79
633.98
404.35
966.48
403.19
965.74
1052.84
1969.94
963.32
416.77
404.92
402.04
1904.2
630.3
416.47
963.12
968.95
1890.34
401.47
405.21
405.53
318.59
1922.72
996.26
1945.81
1956.21
398.65
1933.14
963.02
403.2
397.77
985.85
459.0
448.2
402.77
963.48
964.08
430.93
965.12
970.29
455.41
482.56
965.9
405.75
406.69
416.21
1046.91
1903.41
965.64
961.48
455.39
401.39
426.83
309.54
962.27
425.21
416.31
416.59
1927.92
401.41
451.71
966.82
950.5
688.55
1917.87
997.29
433.12
457.84
402.16
402.4
997.38
456.55
966.02
1059.65
326.38
1905.22
411.95
299.5
688.2
970.21
426.75
980.82
400.37
457.13
967.58
434.95
406.23
461.93
405.0
413.6
996.84
453.32
424.85
447.87
405.37
399.28
1906.8
405.57
416.27
994.49
428.16
406.63
629.41
1887.47
453.99
405.0
301.19
964.75
417.05
300.28
229.29
425.29
397.07
970.67
453.23
308.74
407.41
404.12
970.35
428.48
971.42
643.68
406.28
404.63
1918.17
1056.38
225.0
413.31
1003.98
402.67
998.33
320.2
405.88
1877.68
1933.71
1954.38
1951.84
299.78
417.44
455.16
967.22
1933.42
402.47
1051.26
404.93
968.58
1889.11
458.91
404.29
401.01
461.63
417.49
403.07
459.31
314.61
403.04
1964.94
965.26
406.49
405.84
952.16
1048.03
299.61
420.2
969.79
1014.56
637.4
328.38
970.82
1068.58
429.68
1049.23
427.61
406.47
966.48
265.26
404.11
1050.39
399.32
1887.34
997.32
1929.33
405.29
405.28
997.52
403.11
965.33
633.79
967.65
1932.54
406.29
227.39
300.15
1948.12
397.65
400.24
420.89
1908.65
404.57
404.29
407.17
418.84
403.11
414.04
229.54
1921.56
961.89
421.45
995.66
409.76
405.85
1014.79
494.41
970.27
1933.75
399.69
404.29
424.36
968.64
1079.04
1923.74
416.71
968.11
958.7
406.11
967.48
417.13
400.89
317.31
1895.29
430.92
969.09
957.22
407.69
1884.75
686.92
400.51
404.61
1935.16
415.29
404.76
459.53
1082.43
961.53
328.65
1048.38
408.56
398.92
967.19
402.32
418.51
966.87
1959.62
403.08
400.88
1640.1
449.31
1926.84
1051.79
437.25
455.0
962.78
424.57
969.8
416.35
439.73
458.84
424.88
405.51
404.99
404.36
406.91
298.75
1911.64
401.61
1966.88
997.37
428.51
488.71
418.67
397.51
402.16
1926.98
403.64
293.78
457.29
406.87
400.17
1958.98
407.25
403.52
456.04
417.27
994.18
970.96
453.37
1882.35
1903.37
635.99
456.49
1070.46
409.49
965.0
1909.69
418.56
300.08
407.79
965.17
960.25
408.69
968.56
402.05
425.55
968.54
418.35
297.75
419.21
402.31
962.45
457.13
404.36
969.8
454.05
328.98
403.97
970.71
966.67
966.76
329.47
998.34
405.09
421.09
404.04
403.83
405.49
1046.33
418.16
456.41
439.35
417.19
405.45
404.19
957.2
961.81
1003.81
416.85
970.71
1046.48
412.77
998.47
450.93
401.19
401.23
971.8
399.03
407.23
997.31
464.89
325.5
421.33
400.4
444.48
410.96
964.47
444.24
456.47
402.11
405.53
1053.81
968.26
411.69
411.39
1050.96
404.25
420.09
1935.56
2056.04
1935.56
403.17
401.93
407.91
409.04
1917.63
1967.9
430.85
402.03
323.47
404.24
419.29
1933.88
496.61
645.79
1005.84
1817.75
1099.68
1592.66
1134.44
1692.2
1614.08
1633.64
1615.96
432.39
965.16
1625.34
1772.24
1574.31
626.15
1608.72
1082.2
1132.61
459.35
1598.42
1085.73
1802.28
707.26
1743.26
1775.57
1575.44
1584.13
1066.16
1800.76
1121.13
286.67
1013.76
1020.38
1859.89
1734.4
1642.1
670.46
467.23
427.71
657.16
732.64
1051.91
1579.33
465.92
1702.32
1887.31
1070.36
1754.68
1911.71
1030.94
1597.92
1016.01
721.23
1562.72
966.4
1597.05
1833.87
1718.43
465.07
1136.0
1581.2
1716.8
1673.29
1074.74
1061.25
1114.57
1145.04
972.61
1133.86
1550.5
1586.9
1651.89
970.22
453.77
1076.82
1575.86
1612.16
1697.89
1059.0
738.85
709.15
1048.09
1140.72
1574.81
477.27
1784.03
1648.81
1140.29
708.55
1017.71
1650.85
1008.25
1583.3
1601.33
1578.58
1720.27
1584.47
1140.34
1881.2
1795.49
1877.85
1144.26
1083.38
1549.88
1570.06
1607.98
1133.94
1607.29
1144.78
1605.69
1588.72
1612.7
1589.43
1561.32
1579.42
1630.92
1607.13
1594.63
1564.58
1132.08
1576.91
1903.56
1595.71
1622.16
1662.97
1575.07
442.4
440.43
1888.78
2006.17
1911.94
1121.88
1900.57
1710.31
1803.69
1902.79
1896.75
1870.12
1907.4
1912.56
1901.62
1910.37
1820.7
1917.4
1907.53
1899.34
1908.12
1892.92
1894.31
1887.29
1849.82
1934.07
1902.21
1897.08
1899.5
1822.44
1921.18
1051.66
1898.5
1671.7
1929.51
1879.95
1892.24
1916.79
1910.88
1901.52
1880.61
1907.8
1900.82
1911.34
1922.88
1908.03
1878.52
1918.62
1901.94
1923.71
1898.7
1919.96
1793.22
628.15
1659.7
1922.6
1898.84
1926.66
1902.49
1913.6
1896.19
1908.1
1908.4
1817.04
1920.52
1882.03
1919.01
1912.35
1900.54
1909.02
1919.02
1924.21
1905.84
1894.86
1902.99
1902.88
1914.0
1908.74
1914.09
1901.82
1892.17
2035.29
1963.42
1735.12
1789.96
1906.24
1880.5
1894.99
1836.69
1901.48
1892.32
1745.4
1905.38
1902.84
1930.35
1928.98
1902.36
1902.51
1907.46
1904.18
1881.48
1899.08
1893.06
1905.38
1902.12
1888.38
1914.75
1906.86
1906.78
1907.4
1656.32
1923.99
1897.15
1863.8
1912.11
1903.02
1906.32
1889.18
1919.44
1901.46
1899.81
1845.06
1917.1
1917.99
1892.02
1926.48
1664.36
1852.96
1887.85
1930.31
1925.99
1909.63
1905.0
1907.02
1891.12
661.02
1918.47
1905.56
1900.2
1771.96
1878.39
1895.46
1880.18
1903.59
1885.9
1724.54
1895.95
1903.39
1892.55
1891.1
1632.71
1880.07
1920.62
1910.71
1901.48
1920.56
1898.48
1902.37
1909.33
1913.49
1910.16
1775.89
1902.87
1048.44
1908.74
1943.62
1911.58
1772.3
1888.56
1906.64
1902.9
1890.27
1918.29
1902.5
1824.67
1933.46
1889.11
1651.15
1817.96
1913.07
1882.18
1804.31
1632.06
1882.26
1924.41
1909.48
1899.99
1909.27
1824.0
1903.12
1902.6
1898.02
1917.34
1895.53
1883.63
1907.54
1924.06
1901.34
1900.57
1909.33
1904.71
1905.49
1890.96
1913.2
1888.52
1914.03
1934.42
1935.5
1906.58
1858.39
1907.17
1886.35
1909.51
1918.33
1906.75
1877.28
1855.82
1890.36
1910.1
1916.13
1906.51
1880.77
1917.31
1924.14
1911.12
1923.59
1123.29
1929.5
1904.06
1640.31
1897.99
1928.95
1907.79
1885.45
1907.41
1907.59
1914.75
1891.35
1907.38
1852.93
1899.69
1906.76
1906.62
1888.51
1994.68
1915.58
1918.4
2056.93
1840.33
1901.74
1916.08
1661.54
1902.25
1905.0
1926.89
1843.43
1899.02
1877.78
468.87
1893.43
1883.77
1926.56
1905.16
1899.07
1146.74
1906.63
1120.1
1868.91
1909.14
1903.96
1898.5
1920.18
1881.72
1912.96
1906.03
1033.56
1926.16
1912.82
1926.68
1912.83
1921.17
1924.96
1915.99
1918.57
1922.54
1813.37
1890.82
1903.0
1798.42
1909.09
1892.35
1889.77
1903.71
1916.88
1897.57
1907.59
1912.42
1830.05
1649.0
1923.04
1882.41
1868.8
1911.85
1912.16
1900.28
1877.13
1901.92
1892.79
1906.98
1909.82
1911.31
1909.14
1894.57
1886.06
1876.92
1894.04
1906.4
1877.18
1909.66
1901.46
1918.38
1886.43
1921.5
1880.01
1888.97
1969.8
1897.64
1903.4
1910.16
1914.44
1910.45
1707.83
1908.6
1908.38
1887.4
1901.6
1921.16
1906.7
1721.8
1910.52
1885.89
1928.0
1897.99
1884.02
1913.06
1091.98
1608.61
1918.77
1902.32
1896.76
1911.79
1673.06
1903.11
1909.8
1934.66
1908.34
1932.31
1907.48
1911.88
1900.0
1918.27
1905.74
1930.41
1913.7
1806.12
1906.84
1905.64
1905.56
1917.46
1923.27
1907.11
1899.89
1906.59
1900.12
1903.3
1913.76
1913.81
1907.66
1919.19
1903.26
1926.8
1900.74
1898.67
1910.44
1900.56
1880.86
1909.88
1899.72
1893.39
1910.31
1893.64
735.19
1911.96
1923.15
1897.36
1926.06
1903.74
1071.42
1922.96
1893.52
1895.86
1894.18
1959.5
1737.62
1679.12
1925.61
1743.71
1927.56
1913.4
1860.21
1920.08
1926.86
1719.24
1906.51
734.02
1919.35
1907.9
1913.55
1917.0
1894.62
1904.06
1889.1
1901.55
1908.94
1904.35
1916.88
1973.55
1908.92
1920.62
1898.53
1896.01
1923.32
409.23
1908.64
1897.26
1915.81
1918.16
1900.5
1806.43
470.41
1907.6
1911.0
1890.99
1914.38
1828.81
1892.25
1905.6
1917.14
1902.21
1902.32
1915.23
1898.68
1887.22
1913.83
1908.24
1908.24
1908.01
1898.7
1906.46
1907.82
1915.24
1889.34
1904.88
1905.38
950.0
663.71
1643.16
1899.87
1827.04
1911.33
1897.64
1918.78
1906.63
1909.27
1920.13
1887.49
1916.41
1901.47
1910.04
1902.57
1906.8
1899.19
1910.31
1899.72
1913.85
1914.76
1902.58
1918.38
1882.24
1905.61
1914.51
1897.59
1915.83
1901.97
1932.26
485.03
2014.34
326.21
1915.5
1899.13
1895.89
1825.86
1910.91
1910.44
1879.34
1912.64
1897.77
1882.45
1914.63
1904.1
1907.56
1788.78
1728.42
1902.82
452.43
1890.89
1889.54
1925.84
1908.3
1906.93
1870.82
1905.58
1907.53
1925.79
1809.72
1902.25
1809.8
1892.48
1916.79
1614.08
1685.0
1921.48
1921.95
1911.51
1922.47
1900.63
1910.65
1915.38
1891.87
1923.9
1808.02
1921.78
1878.82
1895.6
1898.79
1909.35
1875.61
1927.23
1914.96
1907.48
1887.61
1829.56
1888.51
1911.88
1895.26
1907.26
1886.98
1902.32
1915.64
1911.27
1609.42
1898.2
1881.75
1906.74
1883.0
1897.05
1798.04
2058.84
1907.23
1902.26
1924.06
1897.23
1890.18
1916.46
1906.06
1820.56
1925.7
1904.67
1917.79
1907.38
1901.06
1907.23
1908.02
1907.0
1918.68
1889.92
1855.56
1903.89
1901.62
1875.5
1904.36
1903.68
1905.78
1894.15
459.83
1918.1
1925.67
1913.65
1900.09
1906.48
1906.27
1889.34
1895.04
1905.72
1919.67
1919.8
1911.1
1902.49
1920.3
1924.59
663.65
1881.76
1920.5
1892.4
1919.83
1902.91
1906.2
1905.46
1752.71
1878.55
1880.12
1911.25
315.79
1907.49
1911.78
1860.32
1888.65
1912.76
1916.53
1925.01
1887.25
1913.4
1910.19
1813.18
1900.86
1898.34
1903.2
1853.66
1903.17
1911.62
1809.07
1609.21
1901.49
1114.72
1903.44
1888.66
468.28
1911.48
1907.62
1896.5
1912.05
2011.62
1109.5
1892.19
1925.37
1896.09
1913.77
1913.33
1899.42
1926.09
1878.38
1895.22
1916.4
1908.76
1914.74
1891.76
1888.26
1880.6
1864.51
1711.56
1910.02
1893.42
1893.19
1919.38
1883.34
1895.18
1890.18
1905.22
1907.23
1905.86
1916.56
1917.5
1907.49
1893.25
1906.34
1914.66
1909.4
1897.66
1919.79
1903.46
1905.92
1912.11
1913.71
1897.45
1036.65
1897.95
1914.79
1913.68
1902.74
1901.54
1643.08
282.26
1909.38
1896.98
1686.59
1770.94
1884.74
1891.59
1878.14
1919.43
1900.26
1906.38
1887.21
1916.9
718.81
1883.92
1891.15
1900.3
1961.62
1913.81
1902.15
271.69
1743.97
1890.73
1903.2
1903.35
1898.48
1714.16
1891.3
1902.63
1625.74
1902.96
1890.28
1858.12
1907.88
1906.03
1569.44
1912.51
1662.01
1918.5
1914.16
1798.07
1909.63
1874.43
1904.18
1914.42
1909.8
2012.14
1905.85
1919.14
1885.57
664.53
989.06
1915.88
1925.44
1893.26
1926.06
1758.82
1924.18
1947.99
1925.84
1886.23
1901.16
1945.5
1917.12
1972.06
1932.26
1893.1
1922.55
1924.44
1960.08
437.28
1938.05
1900.14
1887.25
1035.07
1945.24
657.91
1925.54
1912.38
1945.96
1924.97
1922.2
1926.0
1934.14
1888.57
1934.18
1946.85
1891.2
1922.24
1943.65
1890.8
1792.56
472.87
456.23
1947.38
1891.7
1979.4
1923.77
1920.44
1940.54
1938.28
1923.4
1922.01
663.81
1849.47
1894.55
1904.82
2018.91
1880.25
1979.8
647.01
737.8
1917.5
1920.17
1924.75
1921.2
1645.61
1980.57
1969.16
1934.92
2010.99
1979.4
1915.95
1963.23
1954.42
658.06
1925.67
1924.28
1949.82
1900.53
1919.36
1892.88
1931.92
1942.55
1926.53
1920.38
283.16
1920.92
312.65
1952.28
1898.78
1937.05
1893.84
1929.53
1916.64
1925.59
1659.92
1899.68
1650.54
1933.1
1660.92
1617.9
1926.0
1944.09
1975.61
417.77
1917.54
1977.45
1924.94
1932.21
1902.44
421.21
1904.56
1926.28
1877.5
1879.17
1927.96
288.35
446.53
1922.11
1915.96
1012.0
1896.93
416.77
1941.58
1967.61
2024.89
1567.84
1942.48
1100.61
1877.56
1926.56
1878.91
736.8
681.99
313.19
428.72
1760.9
1923.77
1922.56
1924.75
1928.0
1904.72
1944.09
1882.15
1922.49
1819.47
1923.61
418.41
1888.0
1906.78
1800.33
1893.76
1922.35
1893.9
1890.45
1908.88
1935.97
1907.46
1915.41
281.19
1933.25
1954.81
1892.21
2011.61
1942.3
1961.35
1928.74
1972.56
1833.89
1879.47
1889.66
1922.29
1889.3
1891.6
1980.44
1941.38
1893.5
1900.46
1916.51
1881.85
1980.7
1912.45
472.03
1912.56
1941.31
459.83
1913.42
1995.82
1896.49
740.94
1894.57
1922.76
1925.3
1983.96
1973.64
1904.66
1938.7
1931.51
1904.4
1145.52
1922.9
1945.85
1924.46
1899.01
459.2
1952.05
1957.47
1921.68
451.87
1948.92
1906.07
1907.78
1919.96
1909.57
1717.86
1889.21
1927.4
1893.73
1865.83
441.07
1936.67
1896.26
1895.05
1934.37
1916.1
1990.77
1910.86
1568.32
1885.16
1991.77
1924.58
420.37
1732.21
652.02
1912.45
444.68
1928.25
1990.66
1921.57
1909.42
1925.22
415.01
1958.1
1942.78
1922.32
1919.65
1943.48
1920.73
1933.12
1892.21
1893.13
1981.6
1958.79
704.91
277.47
1903.29
1891.77
1928.37
1935.42
684.66
1893.44
1921.34
1934.44
1979.15
1935.41
1110.55
451.83
1899.26
1798.03
1924.54
1924.1
1894.16
1937.78
1894.36
1925.33
1907.66
1932.94
1908.07
1940.6
1900.09
1932.75
462.15
1899.64
1672.88
1650.8
1932.64
1923.27
460.63
1878.67
1932.63
1893.97
1973.04
1892.39
1934.96
1900.14
656.59
1042.16
1923.47
1920.6
1932.7
2002.66
1931.44
1905.12
1653.27
1900.76
1900.84
1989.88
438.51
1932.79
1919.92
1982.82
1999.6
1877.08
1885.83
1958.47
1890.26
1922.17
1895.47
1918.14
1619.39
1833.4
1890.49
437.93
1900.33
1900.86
1926.24
1946.84
1897.22
1946.22
1925.21
1878.19
1904.7
423.71
1986.61
2004.0
1910.98
1824.66
976.92
1912.69
404.97
1890.69
415.91
1916.17
1911.75
1896.75
1909.0
705.85
1120.6
440.36
1987.2
1915.44
1877.67
1920.66
1918.42
484.04
1888.08
1908.21
1909.46
1902.78
675.44
1938.09
1952.54
1924.23
1894.08
1917.9
1935.04
1933.1
2112.91
1903.93
421.8
2004.38
1923.67
1969.9
1924.89
1929.0
1891.16
1917.29
1831.24
1717.14
1892.01
1988.46
1961.93
1917.58
1918.92
1895.29
1947.77
1917.05
476.57
1928.74
1015.54
2035.28
1917.89
1728.96
1960.2
1938.99
1905.86
423.32
1907.1
1955.81
1972.28
1943.12
1908.93
2022.57
1915.57
1900.39
456.99
1881.93
1911.54
1944.57
1792.02
1889.61
1920.64
1916.64
406.48
1946.28
1896.97
1784.3
1923.03
1945.1
1925.55
1965.88
1905.55
1895.52
1995.45
1919.05
1928.97
1942.95
986.47
1923.6
1850.52
1940.08
1901.6
1897.51
1911.69
1894.27
1930.49
1883.43
1895.6
1937.69
667.42
1985.02
963.08
1926.17
1907.24
1985.09
1898.2
2013.02
1920.52
438.05
1890.5
1919.17
1878.15
1954.51
659.72
1913.86
272.81
1908.46
1933.0
1895.05
1911.32
984.06
1936.29
1913.17
1803.93
1724.38
412.04
1879.27
1043.07
1987.99
436.12
1936.77
1909.6
1914.27
1923.9
1938.79
1913.69
1557.67
1986.06
1918.32
1891.9
638.35
1901.81
1926.89
1920.13
1922.92
1935.93
1649.23
1916.04
1902.85
280.12
1940.52
415.24
1781.42
1904.04
1556.28
1915.88
1969.62
1888.32
1905.8
1890.85
1954.49
1882.27
1967.16
1929.7
1882.38
1902.98
1926.2
1899.56
1949.36
1923.84
402.61
1805.02
1883.38
405.49
1954.74
266.47
1892.35
1937.26
1891.86
1922.9
700.31
1897.45
651.35
408.97
1906.36
1910.06
1942.04
1911.25
1945.79
1891.2
1922.0
1890.61
1930.78
1918.97
1925.57
1920.17
1913.2
1923.47
1906.16
1917.59
694.69
1887.47
1887.12
2009.28
1899.38
1918.26
1926.56
1645.99
1933.82
1917.25
1933.3
1941.66
1912.84
1919.96
1899.06
682.92
1935.24
1885.48
1917.58
1602.33
415.53
1930.97
1921.69
2005.91
1788.97
1897.99
431.35
1906.68
437.11
1848.0
475.07
1919.51
1916.71
1920.02
1917.08
1098.59
1905.76
1929.0
1947.1
1934.68
1929.96
1702.94
1684.22
1984.02
1893.79
1912.09
1916.66
700.56
1929.46
1916.77
661.71
1946.75
1916.92
1974.86
1914.02
1928.43
1973.73
1945.66
1880.65
1924.73
1902.72
1860.63
1860.7
1917.16
1893.12
1940.35
1921.0
1932.38
1942.42
1901.86
456.59
2127.21
1803.64
1919.17
420.25
1747.51
1885.9
1996.45
1900.17
1921.3
1894.27
1925.18
1918.38
1915.2
959.66
677.2
1593.9
1937.29
1920.77
1895.41
443.17
192.58
1937.15
1898.55
1934.02
1887.61
1980.99
1925.63
2059.05
1881.03
1917.96
1938.09
1916.9
443.28
1886.6
1990.4
1940.6
2043.22
1905.85
1919.8
418.77
1689.64
1910.98
1899.86
1926.62
1613.7
1934.6
1898.2
1931.97
1920.43
422.67
1926.02
1678.55
1822.9
1895.85
1929.76
667.98
1902.58
444.12
418.49
440.05
1915.3
1924.87
1904.03
1909.59
1900.3
1877.04
667.54
1923.52
1916.22
1960.42
1903.51
637.41
1893.5
1913.55
1936.0
1890.46
1914.81
1924.28
454.65
1884.2
1916.76
1946.81
1974.01
1910.24
1952.06
1932.11
1949.88
1595.45
1939.29
1894.53
1778.37
1906.45
1936.78
1928.47
993.73
1974.26
1942.19
1901.61
668.05
1946.41
1916.56
1919.77
1750.1
1909.99
1934.18
1898.7
1891.5
1916.92
1937.56
1941.77
1943.81
1753.35
1882.06
1978.72
1920.09
1892.55
2004.16
1927.77
1912.35
1932.86
1901.42
1922.88
1975.58
1920.69
1906.09
1947.17
1910.73
433.6
1924.61
1654.91
1958.5
1880.76
1893.46
1882.52
1670.14
1944.3
1942.23
1901.72
1944.98
1914.92
1902.6
1921.53
1966.75
1695.59
1083.63
1893.1
1801.38
1938.41
1882.21
1921.78
1877.12
1918.07
1941.31
1907.68
1920.26
1927.95
1878.86
995.86
1831.92
430.55
1903.09
1899.3
1904.67
1967.13
1924.27
1917.83
1608.5
1889.58
1991.64
1926.87
1961.76
423.97
1910.94
1911.12
1878.56
1892.28
1930.11
1986.68
1929.51
1912.62
483.56
652.11
1898.4
1924.23
1957.32
1885.03
1930.99
1921.63
1893.31
1926.11
1940.45
2083.08
1953.82
1970.22
1901.21
1923.14
1910.2
1881.36
440.41
1889.39
1890.27
1923.74
1952.68
2021.29
453.37
1910.2
1651.5
1992.25
1009.36
1900.37
1919.09
1933.08
484.19
1929.8
1918.74
1663.66
2020.23
1904.14
1923.78
1848.31
1831.58
1957.46
1915.35
1954.86
1925.06
2000.44
1668.27
1942.31
1955.14
1933.4
1926.26
1883.77
1911.88
1922.93
1931.32
2064.43
1918.9
1895.89
1908.58
1921.9
1925.1
1906.97
1924.02
1949.12
1944.6
1917.12
1845.87
1888.26
1905.0
1926.54
1879.44
1900.29
1916.38
1934.96
1941.67
1934.97
1924.56
1922.79
1916.92
422.21
1962.59
1927.06
1986.71
1918.74
1910.79
1927.29
1913.77
1894.92
1913.83
406.79
1950.57
1912.28
1879.34
1874.87
1912.22
1905.34
1895.84
1893.38
1623.88
1913.98
1877.4
1848.0
1593.33
1945.74
2003.65
1776.6
1947.09
1931.16
1922.28
1915.92
1898.95
1911.18
1103.59
1903.34
1910.7
1899.93
1926.14
1683.65
1908.46
1907.09
1032.49
1966.17
1910.94
312.97
1042.2
1910.24
426.96
1557.81
1945.2
273.3
1928.16
1899.74
1894.47
441.41
450.81
1914.74
1984.72
1903.14
1929.24
1978.98
1895.4
1902.09
1888.69
1943.96
1924.62
1628.65
1950.39
1901.51
1906.54
1917.64
1923.74
1965.75
1924.16
1922.44
1919.53
1594.16
1669.62
1912.69
1914.19
1891.28
1884.81
1884.73
1883.16
1954.6
1887.6
495.81
1094.86
1585.74
1574.15
1568.94
1150.14
1098.28
1919.69
1935.96
1914.72
1937.01
1921.4
1941.32
1907.67
1889.36
1907.58
1925.04
1921.07
1909.1
1990.45
2005.94
1920.1
1923.54
1890.64
1888.65
2001.5
1902.92
1916.4
1917.04
1917.16
1849.64
1925.72
1933.0
1977.39
1928.27
1905.49
1897.27
1909.5
2009.91
1650.4
1920.92
1887.46
1950.9
1926.51
1925.12
1939.58
1942.01
1931.2
1955.4
1962.58
1942.18
1915.68
1997.23
1915.79
1924.19
1932.88
1896.87
1974.3
1922.24
1888.27
1893.0
1954.73
1919.44
1936.95
1927.29
1914.61
1923.01
1948.63
1948.96
1914.97
1903.04
1657.84
1901.6
1925.43
1941.14
1901.5
1899.12
1924.35
1878.26
1985.62
1985.35
1914.28
1882.14
1921.59
1885.77
1907.07
1988.25
1919.88
1901.06
1896.55
1980.34
1883.59
1898.35
1908.01
1914.38
1925.19
1878.96
1918.54
1971.42
1918.49
1903.44
2014.72
1915.12
1823.69
1919.06
1925.35
1888.84
1999.32
1878.88
1926.0
1915.12
1906.8
1916.48
1932.03
1931.39
1921.13
1915.87
1921.04
1897.77
1930.3
1948.16
1931.26
1884.31
1911.91
1890.86
1913.72
1934.3
1917.54
1986.91
1915.47
1884.8
1920.21
1908.72
1924.35
1883.92
1884.42
1995.88
1894.28
1952.91
1929.98
1964.29
1938.47
1917.08
1914.63
1718.93
1932.18
1985.4
1900.28
1919.2
1900.4
1963.36
1952.32
1925.45
1901.06
1893.98
1933.24
1952.94
2005.11
1969.44
1925.57
1891.1
1927.18
1957.28
1919.08
1922.37
1950.15
1911.47
1898.05
1946.35
1913.26
1919.5
1926.1
1909.18
1942.25
1920.85
1910.89
1988.9
1932.96
1942.26
1956.23
1999.22
1925.5
1896.79
1919.41
1884.85
1894.09
1949.04
1946.09
1933.98
1927.99
1906.82
1954.46
1910.39
1995.14
1928.02
1967.52
1886.85
1955.34
1930.56
1918.58
1891.98
1888.81
1933.96
1894.51
1957.13
1906.04
1908.46
2000.09
1956.34
1936.24
1894.99
1963.96
1882.3
1882.82
1894.48
1929.56
1956.71
1961.28
1974.64
1887.66
1894.09
1888.62
1934.89
1895.41
1910.42
1917.69
1916.88
1925.67
1918.22
1939.07
1906.42
1932.77
1877.12
1911.69
1898.84
1913.23
1888.84
1996.6
1986.33
1901.53
1946.5
1921.91
1907.28
1925.44
1936.89
1932.45
1895.75
1910.82
1877.1
1930.62
1926.28
1885.82
1922.26
1927.16
1998.72
1925.35
1904.73
1955.16
1899.9
1918.69
1885.84
1900.5
1955.05
1928.93
1889.52
1936.53
1914.19
1910.27
464.67
1886.56
1960.32
1922.79
1972.11
1909.84
1885.46
1921.44
1921.61
1912.16
1990.73
1925.89
1937.17
1904.51
1879.24
1959.64
1967.84
1917.81
1943.75
1995.81
1888.87
1925.26
1919.68
1925.7
1877.91
1912.86
1877.13
1919.64
1925.03
1952.0
1925.82
1902.12
1895.64
1932.79
1939.56
1942.46
1949.03
1895.76
1897.67
1957.61
1880.9
1899.18
1942.12
1962.24
1919.0
1900.39
1897.52
1913.85
1916.65
1940.81
1906.64
1890.91
1913.8
1880.08
1879.52
1909.24
1880.31
1888.68
1877.74
1878.66
1906.68
1920.7
1975.79
1879.41
1898.85
1894.33
1924.28
1884.08
1966.77
1897.51
1917.06
1924.44
1919.49
1915.28
1910.39
1850.64
1964.35
1889.89
2013.98
1894.75
1877.01
1877.4
1926.68
1922.16
1953.58
1889.86
1906.65
1935.76
1923.52
1969.12
2011.22
1927.65
1953.85
1892.46
1905.3
1889.67
1923.56
1918.48
1912.8
1878.45
1971.01
1947.47
1934.25
1910.13
1929.73
1942.14
1969.8
1876.39
1885.22
1985.53
1888.2
1924.7
1967.32
1888.74
1885.66
1920.41
1883.43
1878.01
1924.01
1915.0
1915.06
1920.22
1911.76
1946.33
1897.05
1945.86
1920.12
1929.86
1879.15
1913.09
1931.46
1992.69
1904.1
1926.68
1899.98
1919.54
1931.19
1953.93
1878.76
1910.49
1918.4
1924.15
1942.61
1987.49
1921.17
1922.58
1961.28
2003.82
1910.28
1914.26
1989.19
1922.3
1908.17
1898.32
1959.87
1979.69
1992.27
1923.46
1955.23
1963.02
1882.52
1895.63
1899.51
1901.89
1930.38
1879.4
1877.23
1952.09
1883.53
1912.27
1700.18
1969.83
1935.12
1969.96
1885.4
1879.15
1902.58
1891.36
1890.72
1923.47
1942.52
1936.81
1949.1
1115.29
1925.98
1965.31
1965.68
1917.19
1892.59
1962.51
1910.59
1999.52
1987.86
1899.44
1930.69
1902.64
1899.98
1926.22
1879.92
1946.38
1984.5
2011.49
1917.38
1888.46
1924.73
1909.5
1918.33
1904.33
1913.37
1891.32
1998.97
1905.91
1921.62
1877.9
1912.0
1880.49
1895.71
2001.18
2004.96
1972.91
1920.6
1891.6
1918.95
1895.72
1922.93
1972.44
1975.06
1978.79
1903.94
1948.84
1976.84
1917.3
1922.42
1926.33
1921.5
1885.44
1939.14
1912.22
1915.48
1937.38
1930.86
1922.36
1882.93
1927.42
1894.53
1897.57
1941.99
1946.0
1860.65
1921.55
1921.83
1926.17
2009.02
1884.62
2008.88
1888.47
1880.12
1943.48
1920.1
1955.59
1904.64
1890.15
1884.96
1935.51
1907.51
1886.67
1926.3
1944.43
1920.2
1915.69
1877.52
1897.01
1901.59
473.31
1945.9
1920.12
1907.84
1936.5
1940.6
1923.96
1917.21
1929.1
1878.54
1941.83
1949.2
1895.05
1893.91
1923.41
1926.74
1904.8
1926.99
1914.2
1903.74
1908.27
1942.36
1919.24
1918.54
1916.2
1902.41
1898.72
1899.76
1883.13
1916.22
1918.06
1911.98
1970.03
1968.96
1902.22
1945.5
1934.9
1925.09
1918.26
1945.27
1929.9
1904.49
1896.42
1962.87
1877.97
1908.33
1933.22
1906.69
1965.1
1920.35
1971.86
1947.3
1969.88
1920.02
1887.61
1959.81
1906.6
1924.61
1886.74
1911.66
1906.16
1922.26
1925.22
1933.63
1899.25
1967.64
1896.55
1929.3
1920.8
2000.42
1885.74
1959.06
1934.31
1914.1
1927.96
1921.72
1904.96
1906.12
1882.77
1901.25
1914.45
1926.85
1892.89
1904.25
1953.13
1881.55
1980.57
1922.48
1918.29
1930.5
1928.17
1879.21
1920.7
1924.1
1955.23
1910.9
1919.58
1896.13
1927.34
1937.06
1911.7
1914.03
1918.65
1900.28
1912.88
1892.06
1899.7
1935.86
1913.11
1936.59
1913.63
1998.04
1991.94
1981.38
1936.98
1921.45
1922.34
1923.5
1915.9
1926.04
1892.85
1906.5
1879.22
1889.22
1892.12
1963.53
1879.78
1923.65
1902.14
1928.29
1964.0
1882.99
1884.51
1923.28
1921.28
1897.75
1934.66
1919.28
1944.49
1985.58
1915.47
1902.75
1916.21
1979.3
1953.45
1923.89
1948.66
1896.04
1924.54
1923.56
1913.8
1880.1
1910.64
1909.16
1926.03
1925.24
1925.0
2010.56
1893.22
1925.64
1935.18
1924.58
1907.4
1886.61
1916.28
1917.8
1935.66
1914.95
1914.99
1925.98
1878.13
1920.03
1877.66
1878.18
1925.76
1951.0
1985.34
1979.54
1881.8
1907.52
1959.41
1880.2
1964.14
1921.66
1926.82
1942.37
1908.14
1946.98
1908.28
1964.6
1905.81
1924.8
1925.06
1981.08
1926.86
1898.96
1887.45
1903.81
1888.93
1920.87
1930.93
1958.42
1878.7
1917.26
2016.04
1885.0
1978.88
1950.3
1915.59
1903.88
1684.06
1903.26
1955.89
1886.77
1894.95
1950.52
1931.45
1914.91
1888.44
1886.71
1921.91
1902.19
1922.58
1919.47
1951.72
1925.06
1915.74
1884.43
1913.85
1910.29
1903.74
1939.36
1916.46
1918.08
1950.36
1936.12
1932.46
1934.72
1885.33
1915.28
1923.53
1928.43
1882.11
1976.15
1885.39
1994.1
2002.62
1920.5
1934.57
1966.9
1940.47
1962.73
1921.43
1920.68
1919.33
1917.02
1919.94
1915.41
1922.74
1879.27
1969.07
1921.41
1919.32
1942.04
1926.45
1966.39
1884.25
2016.46
1938.6
2002.98
1944.81
1943.88
1895.49
1908.29
1898.5
1945.27
1904.59
1979.84
1923.99
1880.82
1947.66
1926.1
1887.84
1917.56
1920.09
446.24
1897.32
1985.22
1968.05
1897.94
1973.87
1881.58
2012.5
1888.47
1684.49
1913.71
1897.2
1886.7
1942.79
1921.18
2025.76
1899.98
1915.04
1926.22
1920.46
1917.75
1929.14
1922.61
1932.84
1995.77
1877.59
1930.3
1980.03
1970.1
1942.1
1931.32
1926.7
1948.96
1934.83
1917.44
1919.24
1962.15
1887.56
1893.61
1903.53
1903.08
1916.84
1980.81
1945.7
471.67
1930.76
1910.64
1907.13
1942.33
1981.83
1914.57
1909.54
1882.04
1924.04
1931.14
1967.61
1938.98
1962.46
1917.35
1920.83
1942.39
1933.38
1878.43
1925.84
1886.85
1915.49
1950.4
1962.0
1920.54
1934.82
1915.55
1963.42
1968.36
1927.93
1925.62
1917.99
1967.74
1903.56
1923.21
1908.34
1991.87
1971.54
1919.73
1960.34
1883.64
1906.38
1918.58
1956.3
1929.86
1886.32
631.27
1909.26
1936.13
1933.33
1894.66
1925.87
1905.06
1919.7
1956.06
1925.39
1920.75
1931.75
1903.98
1965.37
1908.4
1920.53
1840.98
1923.11
1937.51
1912.56
1922.85
1916.45
1912.92
1891.86
1936.05
1917.28
1879.86
1947.86
1899.61
1898.76
1901.42
1935.41
1879.21
1895.56
1909.26
1963.89
1886.05
1974.1
1955.03
1917.96
1920.44
1922.06
1906.1
1922.24
1888.26
1897.46
1898.11
1941.37
1886.95
1915.81
1880.59
1938.76
1894.87
1897.5
1910.82
1889.73
1892.97
1908.3
1886.16
1921.66
1934.88
1985.18
1887.52
1923.84
1903.4
1959.17
1970.3
1942.32
1928.1
1896.15
1918.34
1924.32
1966.35
1885.83
1933.84
1919.2
1879.5
1892.32
1903.08
1920.96
1890.68
1923.22
1903.38
1915.2
1985.97
1923.02
1921.63
1890.48
1933.0
1904.38
1918.2
1928.78
1903.47
1949.9
1915.41
1912.84
1899.26
1998.02
1893.77
1922.67
1929.85
1919.8
1898.39
1883.59
1937.9
2002.2
1878.4
1915.84
1960.61
1589.04
1921.2
1882.21
1881.0
1926.26
1914.81
1890.67
1907.3
1924.25
1902.83
1901.71
1908.63
1909.56
1905.86
1885.98
1940.23
1943.3
1899.55
1929.69
1980.52
1926.55
1895.39
1903.97
1919.62
1909.02
1900.63
1927.84
1939.91
1935.19
1926.78
1888.48
1922.52
1897.04
1893.55
1882.5
1937.43
1951.12
1953.63
1879.12
1927.54
1918.24
1917.09
1949.86
1898.6
1930.72
1895.53
1887.71
1885.9
1947.24
492.65
1931.89
1917.62
1901.68
1917.22
1900.78
1910.22
1925.85
1925.26
1929.51
1918.74
1913.79
1929.53
1896.32
1921.56
1975.47
1930.74
1905.88
1938.76
1922.66
1924.68
1918.92
1971.3
1935.84
1917.36
1937.76
1934.12
1878.74
1926.4
1906.02
1934.08
1890.85
1975.11
1919.87
1908.01
1898.24
1929.54
1917.38
1922.62
1957.04
1925.56
1894.48
1762.62
1916.01
1927.0
1906.47
2031.35
1976.34
1918.94
1673.74
1924.37
1924.67
1933.6
1992.71
1911.76
1903.39
1929.15
1879.39
1902.7
1909.14
1969.82
1901.24
1927.42
1948.79
1917.85
1993.25
1942.4
1919.49
1994.96
630.75
1964.05
1893.01
1908.72
1881.44
1911.32
1917.64
1922.22
1881.36
1898.6
1890.76
1903.99
1945.86
1898.72
1942.54
1917.39
1904.76
1945.01
1937.22
1913.66
1899.48
1934.24
1878.9
1912.48
1941.12
1941.12
1879.11
1929.67
443.0
1925.92
1935.66
1985.91
1948.46
1930.14
1902.99
1903.1
1936.96
1893.79
1956.63
1941.19
1976.29
1922.73
1923.57
1948.0
1927.18
1955.52
1926.18
1906.73
1924.64
1962.72
1958.06
1943.2
1934.05
1929.39
1897.82
1918.95
1972.68
1928.48
1931.73
1995.38
1884.68
1918.41
2000.69
1889.11
1979.68
1928.25
1885.57
2004.55
1923.56
1934.6
1890.64
1922.67
1947.72
1915.3
1948.4
1925.5
1919.27
2013.6
1969.58
1925.82
1914.74
1930.25
1959.02
1923.24
1918.95
1942.84
1879.86
1965.24
1899.36
1963.24
1919.58
1896.48
1701.28
1922.42
1973.09
1925.49
1879.96
1917.08
1910.37
1886.8
1908.48
1932.21
1922.01
1928.94
1910.38
1909.61
1974.92
1945.62
1903.0
1956.41
1984.21
1934.76
1938.12
1834.02
1909.59
1931.53
1997.36
1968.84
1902.31
1944.92
1946.32
1917.32
1902.97
1950.07
1888.42
1957.03
1894.39
1899.14
1919.83
1900.8
1917.39
1943.88
1977.57
1882.08
1888.74
1883.34
1913.1
1931.68
1932.77
1962.39
1912.7
1881.28
1913.84
1918.71
2009.95
1906.86
1917.94
1894.66
1960.3
1924.28
1905.7
1930.22
1985.79
1879.54
1915.3
1908.87
1897.33
1877.94
1888.94
1940.84
2004.45
1899.97
1944.84
1932.56
1952.21
1919.73
1881.82
1930.89
1956.74
1942.77
1902.53
1893.58
2006.72
1984.88
1986.51
1970.51
1979.43
1970.76
1884.31
1985.78
1916.48
1926.72
1920.22
1918.3
1909.58
1911.71
1899.07
1684.3
1923.63
1918.62
1929.64
1972.38
1900.36
1928.03
1883.3
1887.66
1891.36
1947.58
1921.18
1926.75
1926.02
1941.74
1964.94
1928.43
1911.74
1912.06
1928.28
1895.09
1920.84
2014.61
1877.3
1919.28
1942.08
1917.44
1958.18
1911.47
1889.27
1863.95
1957.36
1930.88
1885.5
1929.24
1915.8
1924.65
1904.7
1913.89
1985.17
1930.55
1895.09
1887.48
1917.86
1920.55
1945.52
1997.95
1940.85
1889.46
1946.96
444.13
1925.3
1927.56
1895.58
1982.84
1955.77
1918.08
1918.19
471.64
1928.91
1916.56
1952.28
1907.42
1943.42
1078.73
1923.92
1902.6
1926.19
1905.76
1877.44
1878.19
1896.45
1896.88
1898.83
1811.23
1812.48
1789.82
1659.56
1876.47
1899.2
1617.85
1826.32
1789.02
1894.48
1628.71
1837.83
1906.74
1108.22
1813.54
1835.92
1681.45
1896.08
1893.57
1816.94
1811.17
1901.16
1895.46
1648.99
1819.77
1902.85
1843.64
1640.25
1894.05
1677.96
1839.86
1898.8
1893.82
1827.75
1624.2
1793.49
1648.45
1637.7
1893.67
1815.21
1888.5
1905.9
1890.91
1897.39
1605.89
1638.14
1889.36
1644.72
1899.45
1898.53
1837.27
1797.0
1894.45
1622.27
1906.35
1614.11
1611.88
1901.28
1896.78
1832.52
1628.4
1807.04
1901.72
1903.9
1897.06
1642.53
1823.98
1814.29
1605.42
1810.24
1801.09
1896.22
1806.19
1829.76
1808.46
1761.02
1902.2
1899.79
1923.9
1608.72
1897.35
1797.57
1901.8
1815.44
1898.59
1905.44
1920.33
1897.53
1904.95
1895.95
1836.96
1900.16
1798.63
1904.26
1811.77
1802.66
1827.54
1896.09
1898.36
1897.23
1800.75
1895.46
1799.4
1647.2
1649.66
1905.8
1650.25
1899.67
1802.15
1824.9
1901.31
1818.78
1654.02
1893.3
1818.6
1665.9
1900.08
1901.55
1891.22
1801.88
1623.66
1639.01
1836.12
1830.49
1898.41
1898.13
1802.52
1792.99
1916.52
1829.61
1901.79
1790.1
1840.3
1894.02
1831.95
1903.48
1900.65
1621.79
1816.8
1894.82
1634.43
1911.87
1618.71
1823.53
1814.93
1892.17
1841.22
1830.68
1835.02
1794.53
1844.86
1619.91
1932.8
1836.69
1825.21
1819.95
1647.16
1818.6
1632.24
1888.54
1833.58
1893.84
1896.54
1896.93
1899.2
1610.67
1823.04
1598.46
1895.55
1896.16
1799.92
1820.28
1823.79
1893.49
1636.77
1838.92
1846.0
1654.96
1821.53
1899.24
1863.76
1809.48
1895.3
1656.21
1627.08
1903.05
1610.56
1651.25
1631.22
1842.07
1893.58
1895.02
1644.27
1895.61
1618.76
1903.53
1894.53
1890.31
1638.88
1847.44
1812.59
1896.16
1812.25
1791.48
1905.14
1901.94
1823.26
1896.25
1706.67
1818.93
1895.52
1918.33
1903.57
1896.18
1900.45
1801.62
1735.89
1900.3
1895.1
1807.37
1900.28
1643.45
1644.24
1617.74
1838.25
1608.43
1820.22
1843.06
1818.12
1898.47
1816.81
1641.63
1893.16
1788.6
1858.24
1901.11
1819.66
1916.02
1827.54
1833.52
1894.14
1823.83
1676.99
1645.44
1822.46
1836.56
1656.36
1895.34
1620.86
1893.6
1834.84
1894.54
1901.02
1837.57
1895.94
1902.85
1655.49
1788.64
1767.08
1632.88
1829.44
1890.78
1830.46
1661.59
1838.38
1824.31
1624.26
1662.13
1815.82
1813.28
1657.27
1804.54
1901.17
1842.93
1890.45
1634.38
1639.55
1922.52
1816.58
1832.66
1830.82
1807.74
1666.16
1636.42
1901.19
1910.61
1835.91
1821.08
1614.46
1783.25
1629.42
1908.46
1899.37
1820.14
1630.74
1810.6
1812.8
1624.6
1833.94
1816.6
1907.98
1817.78
1625.99
1836.51
1903.5
1823.58
1810.97
1657.52
1830.42
1656.57
1819.47
1620.55
1898.58
1800.81
1646.96
1808.2
1890.86
1657.87
1901.17
1895.24
1799.3
1894.54
1900.36
1899.81
1901.32
1899.2
1657.09
1638.0
1647.92
1658.68
1640.35
1897.8
1895.01
1898.3
1833.49
1895.3
1656.92
1900.05
1838.2
1898.49
1806.71
1896.26
1894.69
1649.3
1800.73
1816.98
1896.54
1897.82
1648.95
1902.62
1804.43
1905.87
1904.19
1658.04
1893.37
1703.43
1644.81
1819.7
1798.06
1904.55
1900.09
1911.7
1895.95
1892.25
1808.0
1898.41
1837.38
1823.9
1898.62
1902.7
1893.42
1622.39
1637.92
1902.51
1900.84
1637.88
1899.97
1653.08
1677.4
1662.69
1809.2
1920.1
1844.23
1807.2
1830.12
1894.84
1901.07
1838.26
1903.63
1898.96
1897.94
1897.22
1649.08
1824.01
1896.5
1817.74
1788.72
1919.82
1913.83
1924.7
1904.56
1925.76
1885.02
1890.24
1931.47
1922.85
1923.53
1926.08
1923.75
1899.73
1903.16
1698.61
1926.58
1923.56
1953.66
322.0
293.47
1906.61
2094.71
425.25
435.85
639.09
478.72
456.61
453.61
438.56
455.88
442.63
1909.56
635.01
1583.48
455.05
451.33
428.01
1060.85
445.21
626.12
464.79
962.07
465.99
460.8
453.88
2048.97
470.23
744.31
260.14
306.62
305.24
1906.62
1916.26
416.96
469.79
290.24
1680.5
1918.99
1932.66
1972.48
1616.32
1680.64
